2,1,1,0
3,1,2,0
5,1,1,0
7,2,0,0
11,4,1,0
13,2,0,0
17,3,1,0
19,2,0,0
23,3,1,0
29,4,1,0
31,3,0,0
37,2,0,0
41,1,1,0
43,3,0,0
47,4,1,0
53,5,1,0
59,1,1,0
61,2,0,0
67,2,0,0
71,1,1,0
73,2,0,0
79,2,0,0
83,5,1,0
89,4,1,0
97,2,0,0
101,1,1,0
103,2,0,0
107,1,1,0
109,3,0,0
113,1,1,0
127,3,0,0
131,3,1,0
137,4,1,0
139,2,0,0
149,6,1,0
151,2,0,0
157,3,0,0
163,2,0,0
167,3,1,0
173,5,1,0
179,4,1,0
181,2,0,0
191,1,1,0
193,2,0,0
197,4,1,0
199,2,0,0
211,2,0,0
223,3,0,0
227,6,1,0
229,3,0,0
233,1,1,0
239,11,1,0
241,2,0,0
251,4,1,0
257,1,1,0
263,8,1,0
269,8,1,0
271,2,0,0
277,3,0,0
281,1,1,0
283,3,0,0
293,3,1,0
307,5,0,0
311,1,1,0
313,2,0,0
317,1,1,0
331,2,0,0
337,2,0,0
347,7,1,0
349,2,0,0
353,4,1,0
359,1,1,0
367,2,0,0
373,2,0,0
379,2,0,0
383,3,1,0
389,3,1,0
397,3,0,0
401,4,1,0
409,2,0,0
419,1,1,0
421,2,0,0
431,3,1,0
433,3,0,0
439,5,0,0
443,1,1,0
449,3,1,0
457,3,0,0
461,13,1,0
463,2,0,0
467,1,1,0
479,1,1,0
487,2,0,0
491,3,1,0
499,5,0,0
503,1,1,0
509,3,1,0
521,7,1,0
523,2,0,0
541,2,0,0
547,2,0,0
557,5,1,0
563,1,1,0
569,6,1,0
571,2,0,0
577,2,0,0
587,4,1,0
593,1,1,0
599,1,1,0
601,3,0,0
607,2,0,0
613,2,0,0
617,5,1,0
619,2,0,0
631,2,0,0
641,7,1,0
643,7,0,0
647,6,1,0
653,3,1,0
659,1,1,0
661,2,0,0
673,2,0,0
677,9,1,0
683,1,1,0
691,3,0,0
701,1,1,0
709,2,0,0
719,3,1,0
727,5,0,0
733,3,0,0
739,3,0,0
743,3,1,0
751,2,0,0
757,2,0,0
761,7,1,0
769,2,0,0
773,3,1,0
787,2,0,0
797,6,1,0
809,3,1,0
811,3,0,0
821,17,1,0
823,2,0,0
827,3,1,0
829,2,0,0
839,3,1,0
853,2,0,0
857,4,1,0
859,2,0,0
863,3,1,0
877,2,0,0
881,3,1,0
883,2,0,0
887,1,1,0
907,2,0,0
911,8,1,0
919,5,0,0
929,5,1,0
937,2,0,0
941,5,1,0
947,6,1,0
953,4,1,0
967,2,0,0
971,12,1,0
977,1,1,0
983,4,1,0
991,2,0,0
997,7,0,0
1009,2,0,0
1013,8,1,0
1019,3,1,0
1021,5,0,0
1031,4,1,0
1033,2,0,0
1039,2,0,0
1049,3,1,0
1051,3,0,0
1061,1,1,0
1063,2,0,0
1069,3,0,0
1087,2,0,0
1091,6,1,0
1093,5,0,0
1097,3,1,0
1103,1,1,0
1109,5,1,0
1117,2,0,0
1123,2,0,0
1129,2,0,0
1151,1,1,0
1153,2,0,0
1163,1,1,0
1171,2,0,0
1181,3,1,0
1187,3,1,0
1193,6,1,0
1201,2,0,0
1213,2,0,0
1217,1,1,0
1223,1,1,0
1229,1,1,0
1231,2,0,0
1237,2,0,0
1249,2,0,0
1259,11,1,0
1277,6,1,0
1279,2,0,0
1283,5,1,0
1289,1,1,0
1291,2,0,0
1297,2,0,0
1301,3,1,0
1303,2,0,0
1307,1,1,0
1319,4,1,0
1321,2,0,0
1327,3,0,0
1361,1,1,0
1367,3,1,0
1373,1,1,0
1381,2,0,0
1399,5,0,0
1409,1,1,0
1423,3,0,0
1427,1,1,0
1429,2,0,0
1433,1,1,0
1439,15,1,0
1447,2,0,0
1451,5,1,0
1453,2,0,0
1459,3,0,0
1471,3,0,0
1481,4,1,0
1483,2,0,0
1487,4,1,0
1489,2,0,0
1493,7,1,0
1499,3,1,0
1511,22,1,0
1523,3,1,0
1531,2,0,0
1543,2,0,0
1549,2,0,0
1553,3,1,0
1559,3,1,0
1567,2,0,0
1571,3,1,0
1579,3,0,0
1583,3,1,0
1597,7,0,0
1601,1,1,0
1607,8,1,0
1609,2,0,0
1613,1,1,0
1619,6,1,0
1621,2,0,0
1627,3,0,0
1637,1,1,0
1657,3,0,0
1663,2,0,0
1667,4,1,0
1669,2,0,0
1693,2,0,0
1697,7,1,0
1699,3,0,0
1709,1,1,0
1721,8,1,0
1723,3,0,0
1733,1,1,0
1741,2,0,0
1747,2,0,0
1753,3,0,0
1759,2,0,0
1777,3,0,0
1783,2,0,0
1787,1,1,0
1789,3,0,0
1801,3,0,0
1811,3,1,0
1823,1,1,0
1831,3,0,0
1847,1,1,0
1861,2,0,0
1867,2,0,0
1871,3,1,0
1873,2,0,0
1877,6,1,0
1879,2,0,0
1889,4,1,0
1901,1,1,0
1907,1,1,0
1913,5,1,0
1931,3,1,0
1933,5,0,0
1949,6,1,0
1951,2,0,0
1973,3,1,0
1979,4,1,0
1987,2,0,0
1993,2,0,0
1997,3,1,0
1999,3,0,0
2003,6,1,0
2011,2,0,0
2017,3,0,0
2027,4,1,0
2029,2,0,0
2039,5,1,0
2053,2,0,0
2063,3,1,0
2069,5,1,0
2081,1,1,0
2083,2,0,0
2087,1,1,0
2089,3,0,0
2099,11,1,0
2111,3,1,0
2113,3,0,0
2129,3,1,0
2131,2,0,0
2137,2,0,0
2141,1,1,0
2143,3,0,0
2153,4,1,0
2161,2,0,0
2179,5,0,0
2203,5,0,0
2207,6,1,0
2213,5,1,0
2221,2,0,0
2237,1,1,0
2239,2,0,0
2243,22,1,0
2251,5,0,0
2267,1,1,0
2269,2,0,0
2273,6,1,0
2281,3,0,0
2287,7,0,0
2293,2,0,0
2297,3,1,0
2309,3,1,0
2311,2,0,0
2333,3,1,0
2339,1,1,0
2341,5,0,0
2347,3,0,0
2351,5,1,0
2357,1,1,0
2371,2,0,0
2377,2,0,0
2381,1,1,0
2383,5,0,0
2389,2,0,0
2393,4,1,0
2399,14,1,0
2411,4,1,0
2417,3,1,0
2423,1,1,0
2437,2,0,0
2441,3,1,0
2447,5,1,0
2459,1,1,0
2467,2,0,0
2473,2,0,0
2477,1,1,0
2503,2,0,0
2521,2,0,0
2531,3,1,0
2539,2,0,0
2543,8,1,0
2549,1,1,0
2551,2,0,0
2557,2,0,0
2579,3,1,0
2591,1,1,0
2593,2,0,0
2609,3,1,0
2617,2,0,0
2621,3,1,0
2633,11,1,0
2647,2,0,0
2657,8,1,0
2659,2,0,0
2663,1,1,0
2671,5,0,0
2677,2,0,0
2683,2,0,0
2687,5,1,0
2689,3,0,0
2693,3,1,0
2699,1,1,0
2707,2,0,0
2711,3,1,0
2713,2,0,0
2719,2,0,0
2729,1,1,0
2731,3,0,0
2741,6,1,0
2749,3,0,0
2753,1,1,0
2767,3,0,0
2777,1,1,0
2789,7,1,0
2791,3,0,0
2797,2,0,0
2801,3,1,0
2803,2,0,0
2819,7,1,0
2833,3,0,0
2837,1,1,0
2843,7,1,0
2851,2,0,0
2857,2,0,0
2861,1,1,0
2879,3,1,0
2887,2,0,0
2897,4,1,0
2903,1,1,0
2909,4,1,0
2917,3,0,0
2927,12,1,0
2939,1,1,0
2953,3,0,0
2957,3,1,0
2963,6,1,0
2969,9,1,0
2971,5,0,0
2999,3,1,0
3001,2,0,0
3011,1,1,0
3019,2,0,0
3023,1,1,0
3037,2,0,0
3041,3,1,0
3049,2,0,0
3061,3,0,0
3067,2,0,0
3079,2,0,0
3083,1,1,0
3089,1,1,0
3109,2,0,0
3119,4,1,0
3121,2,0,0
3137,11,1,0
3163,3,0,0
3167,3,1,0
3169,2,0,0
3181,5,0,0
3187,2,0,0
3191,3,1,0
3203,1,1,0
3209,11,1,0
3217,2,0,0
3221,4,1,0
3229,3,0,0
3251,4,1,0
3253,2,0,0
3257,1,1,0
3259,3,0,0
3271,3,0,0
3299,13,1,0
3301,2,0,0
3307,2,0,0
3313,2,0,0
3319,2,0,0
3323,4,1,0
3329,3,1,0
3331,3,0,0
3343,5,0,0
3347,5,1,0
3359,3,1,0
3361,2,0,0
3371,4,1,0
3373,5,0,0
3389,5,1,0
3391,3,0,0
3407,1,1,0
3413,4,1,0
3433,2,0,0
3449,1,1,0
3457,3,0,0
3461,7,1,0
3463,3,0,0
3467,3,1,0
3469,2,0,0
3491,1,1,0
3499,2,0,0
3511,2,0,0
3517,2,0,0
3527,4,1,0
3529,2,0,0
3533,4,1,0
3539,1,1,0
3541,3,0,0
3547,2,0,0
3557,6,1,0
3559,2,0,0
3571,2,0,0
